1996E	0.43	22.81(0.21)	22.72(0.23)	-0.08(0.19)	0.31	41.74(0.28)
1996H	0.62	23.23(0.19)	23.56(0.18)	-0.42(0.16)	0.00	42.98(0.17)
1996I	0.57	23.35(0.28)	23.59(0.26)	-0.06(0.26)	0.00	42.76(0.19)
1996J	0.30	22.23(0.12)	22.21(0.11)	-0.22(0.10)	0.24	41.38(0.24)
1996K	0.38	22.64(0.12)	22.84(0.14)	0.29(0.06)	0.00	41.63(0.20)
1996U	0.43	22.78(0.22)	22.98(0.30)	-0.52(0.29)	0.00	42.55(0.25)
1997ce	0.44	22.85(0.09)	22.95(0.09)	0.07(0.08)	0.00	41.95(0.17)
1997cj	0.50	23.19(0.11)	23.29(0.12)	-0.04(0.11)	0.00	42.40(0.17)
1997ck	0.97	24.78(0.25)	\ldots	-0.19(0.23)	\ldots	44.39(0.30)
1995K	0.48	22.91(0.13)	23.08(0.20)	-0.33(0.26)	0.00	42.45(0.17)
