# velocity
64.8
-18.4
44.0
124.6
-18.5
49.9
18.0
30.1
-5.2
-1.4
28.9
66.9
53.7
-44.9
-8.9
66.8
34.1
25.5
4.9
11.1
8.8
5.8
95.6
-27.7
6.3
47.9
18.3
46.8
-26.8
45.3
-3.2
-4.2
0.1
-15.2
1.2
52.1
73.5
37.5
16.0
35.0
50.3
-17.0
51.8
0.2
15.3
5.1
41.5
27.1
0.4
2.0
-43.1
12.8
-56.8
-37.8
30.2
39.4
38.0
49.5
16.0
-63.5
-3.8
-14.1
-5.9
25.4
12.0
12.7
20.0
-17.3
35.8
-24.3
-23.6
63.4
21.7
51.7
-15.8
-31.7
38.2
32.1
-2.7
47.0
-41.4
-0.9
67.8
-14.9
63.5
73.3
-15.2
-11.0
27.4
25.6
28.8
40.5
17.8
56.6
15.3
-6.9
37.6
-14.7
14.0
47.5
11.8
7.8
61.5
13.8
70.9
-5.6
89.4
11.9
7.9
8.0
14.8
20.8
-49.3
32.2
30.1
-0.8
0.2
-46.2
57.4
30.8
40.3
23.8
-17.2
49.5
-3.9
-14.6
75.9
-46.4
23.9
15.6
-5.4
-11.6
13.5
24.4
-7.8
0.2
38.7
36.0
38.0
154.2
-15.1
-6.2
34.0
32.3
-6.0
-14.2
-22.8
-0.5
7.6
-58.2
19.3
19.7
29.2
23.5
-31.8
-11.0
20.1
-31.4
-5.5
18.5
89.8
-15.2
15.7
50.5
14.7
45.3
66.9
55.7
29.3
14.1
-6.7
23.7
-19.1
25.0
31.2
8.6
15.5
44.1
-49.2
-31.6
12.2
13.5
43.7
60.1
49.6
41.8
2.4
37.2
18.3
-9.6
25.7
-40.2
15.7
31.2
-11.5
4.2
-5.3
-20.0
3.5
-17.3
57.4
45.6
-17.4
7.4
5.6
-37.4
19.9
11.4
9.2
4.5
-29.9
0.4
-30.3
-21.7
-30.8
62.7
67.3
16.0
-10.6
-47.6
26.5
55.7
-13.8
17.6
34.3
18.2
35.1
-32.7
-2.8
70.3
75.3
8.9
-2.7
54.8
26.0
-1.7
20.1
-16.3
43.5
41.0
-27.3
-14.6
-22.5
81.3
31.6
-7.7
29.3
38.9
105.9
-25.5
-30.6
26.8
38.0
-22.8
-34.8
27.3
21.3
49.2
-39.7
38.9
-14.8
41.2
67.6
-6.1
29.3
-25.0
2.7
19.1
-2.3
-25.8
-15.2
-57.0
-42.7
-41.5
5.6
-24.4
-25.3
60.2
48.7
-39.1
-6.0
48.0
-30.9
-30.6
44.6
37.8
75.5
15.0
36.8
-35.2
10.9
30.0
6.3
41.5
